280 280 280 280 280 280 280 280 280 280
280 280 268 280 296 280 272 280 264 280
230 288 180 290 188 212 186 276 162 290
182 288 168 230 186 186 186 236 172 294
182 276 168 230 186 186 186 236 170 294
174 184 172 230 186 142 102 236 172 284
174 184 168 166 116 134 102 196 172 208
174 182 162 168 116 130 102 196 172 204
174 182 88 168 116 130 76 196 172 112
174 182 88 72 104 108 76 148 158 112
174 166 88 72 104 108 76 126 130 108
174 166 88 72 104 108 76 126 118 100
174 166 88 72 94 108 76 124 118 100
174 166 88 72 94 108 76 88 108 100
174 166 88 72 94 108 68 88 108 100
174 166 88 72 94 108 68 88 76 84
174 166 70 72 94 108 68 88 76 84
174 90 70 72 94 108 68 88 76 84
174 90 70 72 94 108 68 88 76 84
174 90 70 72 94 108 68 88 76 84
174 90 70 68 94 108 68 88 76 84
174 76 70 68 94 88 68 88 76 84
