280 280 280 280 280 280 280 280 280 280
296 178 280 178 186 178 188 212 280 282
286 178 196 174 196 178 174 212 280 294
286 186 186 174 196 176 174 212 280 294
286 192 106 170 196 166 174 202 280 294
286 192 102 104 136 166 174 202 218 220
266 192 94 104 136 166 174 202 142 208
172 190 94 104 136 166 174 202 142 208
160 182 94 98 136 166 174 202 102 208
160 182 82 98 136 102 174 202 102 208
148 182 82 82 136 102 174 202 100 208
148 182 82 80 136 102 174 202 100 182
120 180 78 80 76 102 174 202 100 182
108 176 78 80 76 102 174 202 94 182
108 176 78 80 76 102 174 202 94 110
108 176 78 80 76 102 174 202 94 110
