280 280 280 280 280 280 280 280 280 280
290 268 280 280 276 188 286 204 188 204
280 268 236 186 192 172 276 204 188 204
280 196 236 186 192 162 186 208 190 112
218 152 236 96 120 162 182 114 180 130
184 152 226 96 120 160 186 114 176 120
184 118 206 96 118 136 174 114 182 106
122 118 206 96 118 158 174 96 180 110
88 118 206 100 118 158 174 96 202 110
88 108 148 100 118 158 174 96 202 108
80 108 154 100 118 158 174 82 198 108
76 108 154 106 118 136 174 82 184 108
76 108 144 110 114 136 180 82 180 94
74 108 144 104 120 136 180 82 182 94
74 92 144 86 120 136 174 82 172 94
74 92 144 86 102 78 130 82 172 94
74 86 144 86 102 78 130 82 172 82
74 86 144 86 102 74 130 82 172 78
74 86 144 86 102 74 130 82 164 78
74 86 144 86 92 74 130 82 164 68
74 86 144 82 92 74 130 80 176 68
74 86 144 82 92 74 130 80 176 68
74 86 112 82 92 74 108 80 176 68
74 86 102 82 92 70 108 80 176 68
74 86 94 82 92 70 108 80 176 68
74 86 94 82 92 70 108 80 176 68
74 86 94 82 92 70 108 68 112 68
74 80 94 82 92 70 108 68 94 68
74 80 94 82 92 70 108 68 84 68
74 80 94 82 92 74 108 68 84 68
74 80 94 82 92 74 108 68 84 68
74 72 94 78 92 74 94 68 84 68
74 72 94 78 92 74 94 68 84 68
74 72 94 78 92 74 94 68 80 68
70 72 94 78 92 74 94 68 80 68
70 72 94 78 92 74 94 68 80 68
70 72 94 78 92 74 94 68 80 68
70 72 94 78 92 74 94 68 80 68
70 72 94 78 92 74 94 68 80 68
70 72 94 78 80 74 88 68 80 68
70 72 94 78 80 74 88 68 80 68
70 72 94 76 68 74 78 68 80 68
70 72 72 76 68 74 78 68 80 68
70 72 72 76 68 74 74 68 80 68
70 72 72 76 68 74 74 68 80 68
68 72 72 76 68 74 74 68 80 68
68 72 72 76 68 74 74 68 68 68
68 72 72 76 68 74 74 68 68 68
68 72 72 76 68 74 74 68 68 68
68 72 72 76 68 74 74 68 68 68
68 72 72 76 68 74 74 68 68 68
68 72 72 76 68 74 74 68 68 68
68 72 72 76 68 74 68 68 68 68
68 72 72 76 68 74 68 68 68 68
68 72 72 76 68 74 68 68 68 68
68 72 72 76 68 74 68 68 68 68
68 72 72 76 68 74 68 68 68 68
68 72 72 76 68 74 68 68 68 68
68 72 72 76 68 70 68 68 68 68
68 72 72 76 68 70 68 68 68 68
68 72 72 74 68 70 68 68 68 68
68 72 72 74 68 70 68 68 68 68
68 72 72 74 68 70 68 68 68 68
68 72 72 74 68 70 68 68 68 68
68 72 72 68 68 70 68 68 68 68
68 72 72 68 68 70 68 68 68 68
68 72 72 68 68 70 68 68 68 68
68 72 72 68 68 70 68 68 68 68
68 72 72 68 68 70 68 68 68 68
68 72 72 68 68 70 68 68 68 68
68 72 72 68 68 70 68 68 68 68
68 72 72 68 68 70 68 68 68 68
68 72 72 68 68 70 68 68 68 68
68 72 72 68 68 70 68 68 68 68
68 72 72 68 68 70 68 68 68 68
