280 280 280 280 280 280 280 280 280 280
186 272 264 236 280 270 236 186 188 280
186 204 174 142 280 280 236 186 188 280
94 178 178 142 204 286 236 186 188 290
92 178 166 134 204 196 236 84 188 284
92 186 166 126 204 162 210 84 180 228
92 186 166 124 204 162 210 84 94 212
92 186 166 94 204 104 212 84 76 178
68 186 164 94 110 104 212 76 76 178
68 142 164 74 100 104 196 76 76 176
68 142 164 74 100 84 196 76 78 176
68 142 164 78 100 84 196 76 78 102
68 134 164 74 100 84 180 76 78 102
68 126 164 74 102 84 180 72 78 102
68 126 164 74 88 84 180 72 78 102
68 118 158 74 88 84 180 72 78 102
68 118 158 74 78 78 180 72 78 102
68 118 158 74 78 78 180 72 78 94
68 118 158 74 78 78 180 72 78 94
68 108 158 74 74 78 178 72 78 94
68 108 130 74 74 68 178 72 78 94
68 108 130 74 74 68 88 72 78 94
68 108 130 74 74 68 88 72 68 94
68 108 130 74 74 68 88 72 68 94
68 78 130 74 74 68 88 72 68 88
68 78 130 72 74 68 88 72 68 88
68 78 130 72 74 68 88 72 68 88
68 78 130 72 74 68 88 72 68 88
68 78 130 72 74 68 88 72 68 88
68 78 130 72 72 68 88 72 68 88
68 78 126 72 72 68 86 72 68 88
68 78 126 72 72 68 86 68 68 88
68 78 126 68 68 68 86 68 68 88
68 78 126 68 68 68 86 68 68 80
68 78 126 68 68 68 86 68 68 80
68 78 126 68 68 68 86 68 68 78
