280 280 280 280 280 280 280 280 280 280
280 268 188 270 190 190 196 280 276 284
264 268 190 270 180 170 152 280 194 268
278 264 186 174 182 170 152 192 194 178
278 264 188 174 172 162 122 192 196 172
312 264 164 174 156 162 130 176 196 158
312 264 164 174 156 162 130 162 186 172
298 272 164 174 156 164 130 162 180 172
200 170 162 188 156 140 130 162 198 186
180 170 162 186 154 140 120 160 192 196
180 190 166 186 78 140 120 158 200 178
182 150 166 170 78 88 120 158 200 174
154 150 166 170 78 88 120 158 184 174
154 150 166 184 78 96 120 158 184 174
164 150 166 184 78 96 112 152 192 172
160 154 166 184 78 104 112 152 182 172
160 154 176 184 78 102 112 152 192 92
160 154 172 184 84 86 122 152 192 80
160 160 172 174 84 82 112 152 214 80
160 160 192 112 84 82 104 114 200 80
162 156 142 112 110 82 104 114 194 80
158 148 128 112 104 82 116 114 196 82
158 148 128 112 102 86 116 114 206 80
158 148 142 112 102 80 122 88 206 84
156 148 126 112 102 80 116 88 202 84
160 112 126 126 102 80 116 88 196 84
160 112 116 112 94 80 108 100 158 84
160 112 116 104 94 72 98 100 154 84
152 104 110 104 102 72 98 78 154 84
152 104 120 104 102 72 98 78 154 72
152 104 120 104 102 68 98 78 168 82
152 116 120 104 94 68 98 78 168 82
152 116 92 104 94 68 98 78 162 82
156 116 92 98 88 68 98 78 162 82
156 102 92 98 88 68 98 76 162 72
156 102 92 94 88 68 98 76 148 72
146 102 80 94 68 68 98 76 146 72
146 102 80 94 68 68 98 76 146 68
146 92 80 94 68 68 98 76 146 68
74 92 78 94 68 68 98 76 146 68
74 92 78 94 68 68 98 78 146 68
74 92 78 94 68 68 98 72 146 68
74 90 68 94 68 68 98 72 136 68
74 90 68 94 68 68 98 72 136 68
74 90 68 94 68 68 78 72 136 68
74 90 68 92 68 68 74 72 136 68
74 90 68 92 68 68 74 72 136 68
74 90 68 92 68 72 74 72 108 68
74 90 68 92 68 72 72 72 108 68
74 90 68 100 68 72 72 72 108 68
74 90 68 100 68 72 72 72 108 68
74 88 68 100 68 72 72 72 108 68
74 88 68 94 68 72 72 72 108 68
74 88 68 94 68 72 72 72 108 68
74 80 68 94 68 72 72 72 108 68
74 84 68 94 68 72 72 72 108 68
74 84 68 94 68 72 72 72 108 68
74 84 68 94 68 72 72 72 108 68
74 80 68 94 68 72 72 72 108 68
74 76 68 94 68 72 72 68 106 68
74 76 68 94 68 72 72 68 106 68
74 76 68 94 68 72 72 68 106 68
74 76 68 94 68 72 72 68 72 68
74 76 68 94 68 72 72 68 72 68
74 76 68 94 68 72 72 68 68 68
74 74 68 94 68 72 72 68 68 68
74 74 68 94 68 72 72 68 68 68
74 74 68 94 68 72 72 68 68 68
74 74 68 94 68 72 72 68 68 68
74 74 68 94 68 72 72 68 68 68
74 74 68 70 68 72 72 68 68 68
74 74 68 70 68 72 72 68 68 68
74 74 68 70 68 72 72 68 68 68
74 74 68 70 68 72 72 68 68 68
74 74 68 70 68 72 72 68 68 68
74 74 68 70 68 72 72 68 68 68
74 74 68 70 68 72 72 68 68 68
74 74 68 70 68 72 72 68 68 68
74 74 68 70 68 72 72 68 68 68
74 74 68 70 68 72 72 68 68 68
74 74 68 70 68 72 72 68 68 68
74 74 68 70 68 72 72 68 68 68
74 74 68 70 68 72 72 68 68 68
74 74 68 70 68 72 72 68 68 68
74 74 68 68 68 72 68 68 68 68
74 74 68 68 68 72 68 68 68 68
74 74 68 68 68 72 68 68 68 68
74 74 68 68 68 72 68 68 68 68
74 74 68 68 68 72 68 68 68 68
74 74 68 68 68 72 68 68 68 68
74 74 68 68 68 72 68 68 68 68
74 74 68 68 68 72 68 68 68 68
74 74 68 68 68 72 68 68 68 68
74 74 68 68 68 72 68 68 68 68
74 74 68 68 68 72 68 68 68 68
74 74 68 68 68 72 68 68 68 68
74 74 68 68 68 72 68 68 68 68
74 74 68 68 68 72 68 68 68 68
74 74 68 68 68 72 68 68 68 68
74 74 68 68 68 72 68 68 68 68
74 74 68 68 68 72 68 68 68 68
74 74 68 68 68 72 68 68 68 68
74 74 68 68 68 72 68 68 68 68
74 74 68 68 68 72 68 68 68 68
74 74 68 68 68 72 68 68 68 68
74 74 68 68 68 72 68 68 68 68
74 74 68 68 68 72 68 68 68 68
74 74 68 68 68 72 68 68 68 68
74 72 68 68 68 72 68 68 68 68
74 72 68 68 68 72 68 68 68 68
74 72 68 68 68 72 68 68 68 68
74 72 68 68 68 72 68 68 68 68
74 72 68 68 68 72 68 68 68 68
74 72 68 68 68 72 68 68 68 68
68 72 68 68 68 72 68 68 68 68
68 72 68 68 68 72 68 68 68 68
68 72 68 68 68 72 68 68 68 68
68 72 68 68 68 72 68 68 68 68
68 72 68 68 68 72 68 68 68 68
68 72 68 68 68 72 68 68 68 68
68 72 68 68 68 72 68 68 68 68
68 72 68 68 68 72 68 68 68 68
68 72 68 68 68 72 68 68 68 68
68 72 68 68 68 72 68 68 68 68
68 72 68 68 68 72 68 68 68 68
68 72 68 68 68 72 68 68 68 68
68 72 68 68 68 72 68 68 68 68
68 72 68 68 68 68 68 68 68 68
68 72 68 68 68 68 68 68 68 68
68 72 68 68 68 68 68 68 68 68
68 72 68 68 68 68 68 68 68 68
68 72 68 68 68 68 68 68 68 68
68 72 68 68 68 68 68 68 68 68
68 72 68 68 68 68 68 68 68 68
68 72 68 68 68 68 68 68 68 68
68 72 68 68 68 68 68 68 68 68
68 72 68 68 68 68 68 68 68 68
68 72 68 68 68 68 68 68 68 68
68 72 68 68 68 68 68 68 68 68
68 72 68 68 68 68 68 68 68 68
68 72 68 68 68 68 68 68 68 68
68 72 68 68 68 68 68 68 68 68
68 72 68 68 68 68 68 68 68 68
68 72 68 68 68 68 68 68 68 68
68 72 68 68 68 68 68 68 68 68
68 72 68 68 68 68 68 68 68 68
68 72 68 68 68 68 68 68 68 68
68 72 68 68 68 68 68 68 68 68
68 72 68 68 68 68 68 68 68 68
68 72 68 68 68 68 68 68 68 68
68 72 68 68 68 68 68 68 68 68
68 72 68 68 68 68 68 68 68 68
68 72 68 68 68 68 68 68 68 68
