136 182 182 136 136
120 182 182 128 136
90 122 182 128 96
88 122 170 128 84
114 120 176 128 88
112 120 194 110 96
102 120 192 108 102
80 120 190 100 102
82 126 190 94 102
82 126 182 94 102
96 126 182 94 122
96 104 182 94 102
96 98 182 94 102
96 98 182 100 94
96 96 184 94 94
94 96 184 88 94
94 96 178 94 94
94 96 178 86 82
94 96 166 76 82
94 96 164 76 82
94 96 160 76 76
94 96 160 76 76
94 96 160 76 76
94 96 160 68 76
94 96 160 68 76
94 96 160 68 76
94 96 164 68 76
94 78 164 68 76
94 78 158 68 76
94 78 158 68 76
94 78 158 68 76
94 78 158 68 76
94 78 96 68 76
82 78 96 68 76
82 78 96 68 76
82 78 96 68 76
82 78 96 68 76
74 78 96 68 76
74 78 96 68 76
74 78 96 68 76
74 78 96 68 76
74 78 96 68 76
74 78 96 68 76
74 78 96 68 76
74 78 96 68 76
74 78 96 68 76
74 78 96 68 76
74 78 96 68 76
74 78 96 68 76
74 78 94 68 76
74 78 94 68 76
74 78 94 68 76
74 78 94 68 76
74 78 88 68 76
74 72 88 68 76
74 72 88 68 76
74 72 88 68 76
74 72 88 68 68
74 72 88 68 68
74 72 88 68 68
74 72 88 68 68
74 72 88 68 68
74 72 88 68 68
74 72 88 68 68
74 72 88 68 68
74 72 88 68 68
74 72 88 68 68
74 72 88 68 68
74 72 88 68 68
74 72 88 68 68
74 72 88 68 68
74 72 88 68 68
74 68 88 68 68
74 68 88 68 68
74 68 88 68 68
