136 182 182 136 136
136 182 182 136 96
102 194 176 114 96
90 182 176 104 112
90 182 176 94 112
86 182 184 90 90
90 200 180 90 84
90 190 160 90 84
90 96 160 90 82
84 84 158 122 94
90 84 180 122 96
100 84 186 122 94
102 78 186 122 76
102 78 188 124 76
102 74 186 124 76
104 74 186 128 76
104 74 184 128 80
102 90 192 126 76
102 90 192 136 76
102 90 192 142 82
102 90 194 138 82
102 90 122 140 86
96 90 114 140 80
96 90 114 108 80
96 90 114 108 80
100 90 114 106 80
100 88 98 106 82
100 88 98 106 82
102 88 86 106 82
110 78 88 106 82
104 78 88 106 92
104 78 88 98 92
104 78 88 82 92
104 78 86 82 82
98 78 86 82 82
98 78 86 82 82
98 78 86 82 78
98 78 86 82 74
96 82 86 82 74
98 78 86 82 74
98 78 86 82 74
98 78 86 82 74
98 78 88 82 74
98 78 88 82 74
98 78 88 82 74
98 78 88 82 74
98 78 88 78 74
98 78 88 78 74
98 78 88 78 74
98 78 88 78 74
98 78 88 72 74
98 80 86 72 74
98 80 86 72 74
98 80 86 72 74
98 80 78 72 74
98 80 72 72 74
98 80 72 72 74
98 80 72 72 74
98 80 72 72 74
98 80 72 72 74
98 80 72 72 74
98 80 72 72 74
98 80 72 72 74
98 80 72 72 74
98 80 72 68 74
94 80 72 68 74
94 80 72 68 74
94 80 72 68 68
94 80 72 68 68
94 80 72 68 68
94 80 72 68 68
94 80 72 68 68
94 80 72 68 68
92 72 72 68 68
92 72 72 68 68
92 72 72 68 68
92 72 72 68 68
92 72 72 68 68
92 72 72 68 68
92 72 72 68 68
92 72 72 68 68
90 72 72 68 68
90 72 72 68 68
90 72 72 68 68
90 72 72 68 68
90 72 72 68 68
90 72 72 68 68
90 72 72 68 68
90 72 72 68 68
90 72 72 68 68
90 72 68 68 68
90 72 68 68 68
90 72 68 68 68
90 72 68 68 68
90 72 68 68 68
90 72 68 68 68
84 72 68 68 68
84 72 68 68 68
84 72 68 68 68
84 72 68 68 68
84 68 68 68 68
84 68 68 68 68
78 68 68 68 68
78 68 68 68 68
78 68 68 68 68
78 68 68 68 68
78 68 68 68 68
78 68 68 68 68
78 68 68 68 68
78 68 68 68 68
78 68 68 68 68
78 68 68 68 68
78 68 68 68 68
78 68 68 68 68
78 68 68 68 68
78 68 68 68 68
76 68 68 68 68
76 68 68 68 68
76 68 68 68 68
76 68 68 68 68
76 68 68 68 68
76 68 68 68 68
68 68 68 68 68
68 68 68 68 68
68 68 68 68 68
68 68 68 68 68
68 68 68 68 68
68 68 68 68 68
68 68 68 68 68
68 68 68 68 68
68 68 68 68 68
68 68 68 68 68
68 68 68 68 68
68 68 68 68 68
68 68 68 68 68
68 68 68 68 68
68 68 68 68 68
68 68 68 68 68
68 68 68 68 68
68 68 68 68 68
68 68 68 68 68
68 68 68 68 68
68 68 68 68 68
68 68 68 68 68
68 68 68 68 68
68 68 68 68 68
68 68 68 68 68
68 68 68 68 68
68 68 68 68 68
68 68 68 68 68
68 68 68 68 68
68 68 68 68 68
68 68 68 68 68
