136 182 136 182 182
136 170 128 182 122
136 176 102 186 122
114 176 100 182 122
114 176 100 182 104
114 176 100 172 90
96 164 100 144 90
96 136 100 146 80
96 136 100 130 80
92 136 100 130 80
98 136 100 130 80
92 134 100 130 80
92 134 94 130 80
92 134 94 130 80
92 134 94 130 80
92 134 94 130 80
78 134 94 130 80
78 134 94 130 80
78 130 94 130 78
78 130 94 130 78
78 130 94 130 78
68 130 78 130 78
68 130 78 130 78
68 122 78 130 78
68 122 78 130 76
68 122 78 130 76
68 122 78 130 76
68 90 78 130 76
68 90 78 130 76
68 90 72 122 76
68 86 72 122 76
68 86 72 122 76
68 86 72 122 76
68 86 72 122 76
68 86 72 122 76
68 86 72 122 76
