100 100 118 100 100
100 118 120 100 100
118 112 120 100 100
106 118 114 100 100
106 118 88 100 118
100 112 88 100 116
88 112 88 100 122
106 112 88 118 116
106 112 96 112 116
106 118 96 88 116
106 102 96 88 116
106 102 96 88 116
98 102 102 88 116
98 96 96 102 116
98 96 110 102 94
88 96 110 80 96
102 96 110 80 80
102 90 110 80 86
102 90 110 80 86
102 88 110 76 80
102 88 110 76 80
86 88 88 82 82
88 88 88 82 82
88 88 82 76 82
88 88 82 76 78
88 88 82 76 78
88 88 82 76 78
88 82 82 90 78
88 82 82 90 78
74 82 82 90 78
74 82 82 90 78
74 82 82 90 102
74 82 82 90 102
74 82 82 90 102
74 82 82 82 102
74 82 82 82 102
74 82 82 82 102
72 82 82 82 102
72 82 82 82 96
72 82 88 82 96
72 82 88 82 96
72 82 88 82 96
72 82 88 82 96
72 82 90 82 96
72 82 90 82 90
72 82 90 82 90
72 82 90 82 84
72 82 90 82 84
72 82 90 82 84
72 82 90 82 84
72 82 90 76 84
72 82 90 76 84
72 82 90 76 84
72 82 90 76 84
72 82 90 76 84
72 82 90 76 84
72 82 74 76 84
72 82 74 76 84
72 82 74 76 84
72 82 74 76 84
72 82 74 76 84
72 82 74 76 84
72 82 74 76 82
72 82 74 76 82
72 82 74 76 82
72 82 74 76 82
72 82 74 76 82
72 82 74 76 82
72 82 74 76 82
72 82 74 76 76
72 82 74 76 76
72 72 72 76 76
72 72 72 76 76
72 72 72 74 76
72 72 72 74 76
72 72 72 74 76
72 72 72 74 76
72 72 72 74 76
72 72 72 74 76
72 72 72 74 76
72 72 72 74 74
72 72 72 74 74
72 72 72 74 74
72 72 72 74 74
72 72 72 74 68
72 72 72 74 68
72 72 72 74 68
72 72 72 74 68
72 72 72 74 68
72 72 72 74 68
72 72 72 74 68
72 72 72 74 68
72 72 72 74 68
72 72 72 74 68
72 72 72 74 68
72 72 72 74 68
72 72 72 74 68
72 72 72 74 68
72 72 72 74 68
72 72 72 74 68
72 72 72 74 68
72 72 72 74 68
72 72 72 74 68
72 72 72 74 68
72 72 72 74 68
72 72 72 74 68
72 72 72 74 68
72 72 72 74 68
72 72 72 74 68
72 72 72 74 68
72 72 72 74 68
72 72 72 74 68
72 72 72 74 68
72 72 72 74 68
72 68 72 74 68
72 68 72 74 68
72 68 72 74 68
72 68 72 72 68
72 68 72 72 68
72 68 72 72 68
72 68 72 72 68
72 68 72 72 68
72 68 72 72 68
72 68 72 72 68
72 68 72 72 68
72 68 72 72 68
72 68 72 72 68
72 68 72 72 68
72 68 72 72 68
72 68 72 72 68
72 68 72 72 68
72 68 72 72 68
72 68 72 72 68
72 68 72 72 68
72 68 72 72 68
72 68 72 72 68
72 68 72 72 68
72 68 72 72 68
72 68 72 72 68
72 68 72 72 68
72 68 72 72 68
72 68 72 68 68
72 68 72 68 68
72 68 72 68 68
72 68 72 68 68
72 68 72 68 68
72 68 72 68 68
72 68 72 68 68
72 68 72 68 68
72 68 72 68 68
72 68 72 68 68
72 68 72 68 68
72 68 72 68 68
