0	24.0	-12	0.606530659713	188	176
1	23.904	-8	0.715572740402	196	176
2	23.808384	-38	0.202690233775	196	176
3	23.713150463999998	70	1.0	126	126
4	23.618297862144	-94	0.0186862924374	126	126
5	23.523824670695422	-74	0.043034766689	126	126
6	23.429729372012645	-34	0.234301205103	160	126
7	23.33601045452459	2	1.0	158	126
8	23.242666412706495	24	1.0	134	126
9	23.149695747055667	-76	0.0375162722987	134	126
10	23.057096964067444	-26	0.323797987223	134	126
11	22.964868576211174	-76	0.0365379883108	134	126
12	22.87300910190633	-2	0.916274484009	136	126
13	22.781517065498704	-2	0.915952779842	138	126
14	22.690390997236708	0	1.0	138	126
15	22.599629433247763	10	1.0	128	126
16	22.50923091551477	6	1.0	122	122
17	22.419193991852712	-28	0.286811571623	122	122
18	22.3295172158853	-20	0.408331704788	122	122
19	22.240199147021762	-8	0.697879372991	122	122
20	22.151238350433673	-60	0.0666265469602	122	122
21	22.062633397031938	-40	0.163160614326	122	122
22	21.974382863443807	-22	0.367450827228	122	122
23	21.886485331990034	-22	0.365976366959	144	122
24	21.798939390662074	-24	0.332548024271	144	122
25	21.711743633099427	-8	0.691795983365	152	122
26	21.624896658567028	-36	0.189238370336	152	122
27	21.53839707193276	-2	0.91132342681	152	122
28	21.452243483645027	0	1.0	152	122
29	21.366434509710448	-60	0.0603169068245	152	122
30	21.280968771671606	-12	0.568994731787	164	122
31	21.19584489658492	58	1.0	106	106
32	21.111061516998582	-138	0.00144903499961	106	106
33	21.026617270930586	-102	0.00782059785881	106	106
34	20.942510801846865	6	1.0	100	100
35	20.858740758639478	-94	0.0110369773756	100	100
36	20.77530579560492	-6	0.749158716607	106	100
37	20.692204572422497	-102	0.00723089402669	106	100
38	20.609435754132807	22	1.0	84	84
39	20.526998011116277	10	1.0	74	74
40	20.444890019071813	-102	0.00681232571804	74	74
41	20.363110458995525	-18	0.413147172314	92	74
42	20.281658017159543	-24	0.306255607346	92	74
43	20.200531385090905	-96	0.00863138559388	92	74
44	20.119729259550542	-4	0.819705760072	96	74
45	20.03925034251234	-110	0.00413103500271	96	74
46	19.95909334114229	10	1.0	86	74
47	19.87925696777772	-30	0.221106513888	86	74
48	19.79973993990661	-50	0.0800354439353	86	74
49	19.720540980146982	-36	0.161135809864	86	74
50	19.641658816226393	-14	0.490283856896	86	74
51	19.563092180961487	-110	0.00361438708736	86	74
52	19.48483981223764	-10	0.598565384279	86	74
53	19.406900452988694	6	1.0	80	74
54	19.329272851176736	-18	0.394068682309	98	74
55	19.25195575977203	4	1.0	94	74
56	19.17494793673294	-30	0.209183921725	94	74
57	19.09824814498601	16	1.0	78	74
58	19.02185515240607	-8	0.656673156261	86	74
59	18.94576773179644	-18	0.386709983488	86	74
60	18.869984660869257	-2	0.899435056783	88	74
61	18.79450472222578	-18	0.383764285788	106	74
62	18.719326703336876	-16	0.425397353866	106	74
63	18.644449396523527	18	1.0	88	74
64	18.569871598937436	-90	0.00785535222729	88	74
65	18.495592112541683	-64	0.0314208397095	88	74
66	18.421609744091516	14	1.0	74	74
67	18.347923305115152	-10	0.57982971764	84	74
68	18.27453161189469	-104	0.00337628146596	84	74
69	18.20143348544711	-22	0.298586379831	106	74
70	18.128627751505324	8	1.0	98	74
71	18.0561132404993	2	1.0	96	74
72	17.983888787537303	-16	0.410785040514	112	74
73	17.911953232387155	-22	0.292810366189	134	74
74	17.840305419457607	14	1.0	120	74
75	17.768944197779778	-14	0.454802739081	134	74
76	17.697868420988655	-76	0.0136460869904	134	74
77	17.6270769473047	16	1.0	118	74
78	17.556568639515483	-102	0.00299805565682	118	74
79	17.486342364957423	0	1.0	118	74
80	17.416396995497593	-6	0.708572467726	118	74
81	17.346731407515602	0	1.0	118	74
82	17.27734448188554	-66	0.0219271103789	118	74
83	17.208235103957996	36	1.0	82	74
84	17.139402163542165	-4	0.791852320222	86	74
85	17.070844554887998	-18	0.348391170385	104	74
86	17.002561176668443	-52	0.0469645243063	104	74
87	16.93455093196177	-18	0.345447121541	104	74
88	16.866812728233924	-72	0.0139994429808	104	74
89	16.799345477320987	6	1.0	98	74
90	16.732148095411702	-6	0.698659949582	104	74
91	16.665219503030055	-94	0.00355112876984	104	74
92	16.598558625017937	4	1.0	100	74
93	16.532164390517863	6	1.0	94	74
94	16.466035732955792	-92	0.00374528106249	94	74
95	16.40017159002397	0	1.0	94	74
96	16.334570903663874	0	1.0	94	74
97	16.269232620049216	-10	0.540826290969	104	74
98	16.20415568956902	-14	0.42148297228	118	74
99	16.139339066810745	12	1.0	106	74
100	16.0747817105435	10	1.0	96	74
101	16.01048258370133	-30	0.153543344609	96	74
102	15.94644065336652	14	1.0	82	74
103	15.882654890753056	4	1.0	78	74
104	15.819124271190045	-4	0.776577761498	82	74
105	15.755847774105284	-90	0.00330550882853	82	74
106	15.692824383008862	-98	0.00194033931301	82	74
107	15.630053085476828	-6	0.681215991136	88	74
108	15.567532873134919	4	1.0	84	74
109	15.50526274164238	-90	0.00301401920292	84	74
110	15.443241690675809	-10	0.523335545777	84	74
111	15.381468723913105	-94	0.00221777696492	84	74
112	15.319942849017453	-6	0.675943105701	90	74
113	15.258663077621385	8	1.0	82	74
114	15.1976284253109	-12	0.45402778572	82	74
115	15.136837911609655	-18	0.304479374762	82	74
116	15.076290559963217	-12	0.451151642597	94	74
117	15.015985397723362	-6	0.670605544829	94	74
118	14.955921456132469	-94	0.00186380351977	94	74
119	14.896097770307941	-10	0.511035226969	94	74
120	14.836513379226709	-34	0.101100163354	94	74
121	14.7771673257098	-90	0.00226432822344	94	74
122	14.718058656406964	-8	0.580683194659	102	74
123	14.659186421781333	10	1.0	92	74
124	14.600549676094207	-34	0.0974243157898	92	74
125	14.54214747738983	6	1.0	86	74
126	14.483978887480273	6	1.0	80	74
127	14.426042971930352	-16	0.329853965843	80	74
128	14.368338800042629	-94	0.00144136889851	80	74
129	14.31086544484246	6	1.0	74	74
130	14.25362198306309	-20	0.245820882841	74	74
131	14.196607495130838	-10	0.4944082738	74	74
132	14.139821065150315	-2	0.868103349112	76	74
133	14.083261780889714	-24	0.181926836492	76	74
134	14.026928733766155	-16	0.319607020415	92	74
135	13.970821018831089	16	1.0	76	74
136	13.914937734755766	-2	0.86612119589	78	74
137	13.85927798381674	-24	0.176984708724	78	74
138	13.803840871881473	-6	0.647483717845	84	74
139	13.748625508393946	8	1.0	76	74
140	13.693631006360373	-116	0.000209436197662	76	74
141	13.63885648233493	-100	0.000654268342391	76	74
142	13.58430105640559	-92	0.00114480193755	76	74
143	13.529963852179968	2	1.0	74	74
144	13.47584399677125	-96	0.000805652484164	74	74
145	13.421940620784163	-2	0.861560715695	76	74
146	13.368252858301027	-20	0.224006140394	76	74
147	13.314779846867822	-116	0.000164578480036	76	74
148	13.261520727480352	2	1.0	74	74
149	13.20847464457043	-14	0.346481598428	74	74
150	13.155640745992148	-10	0.467605534811	84	74
151	13.103018183008178	-14	0.343538489574	84	74
152	13.050606110276146	-14	0.342067528082	84	74
153	12.998403685835042	-56	0.0134574647239	84	74
154	12.946410071091702	-6	0.629110137575	90	74
155	12.894624430807337	12	1.0	78	74
156	12.843045933084106	-30	0.0967239269675	78	74
157	12.79167374935177	-8	0.535043717838	86	74
158	12.74050705435436	-98	0.000456463622373	86	74
159	12.689545026136944	4	1.0	82	74
160	12.638786846032396	-2	0.853642291074	84	74
161	12.588231698648267	-94	0.000571473838635	84	74
162	12.537878771853675	-98	0.000403104707613	84	74
163	12.48772725676626	-26	0.124675091767	84	74
164	12.437776347739195	-124	4.67999823614e-05	84	74
165	12.388025242348238	-114	0.000100793646362	84	74
166	12.338473141378845	-8	0.522892990648	84	74
167	12.289119248813329	-16	0.271996863429	84	74
168	12.239962771818076	2	1.0	82	74
169	12.191002920730803	-16	0.269161612047	98	74
170	12.142238909047881	-88	0.000712003440414	98	74
171	12.093669953411688	-94	0.000421091139172	98	74
172	12.04529527359804	-108	0.000127657930222	98	74
173	11.997114092503649	-12	0.367790958362	98	74
174	11.949125636133635	-12	0.366316494397	98	74
175	11.901329133589101	-12	0.364842055599	110	74
176	11.853723817054744	-80	0.00117212841386	110	74
177	11.806308921786524	-80	0.00114078554605	110	74
178	11.75908368609938	6	1.0	104	74
179	11.71204735135498	4	1.0	100	74
180	11.66519916194956	-6	0.597888849668	106	74
181	11.618538365301763	-94	0.000306430820668	106	74
182	11.572064211840555	6	1.0	100	74
183	11.525775954993193	-8	0.499525598022	108	74
184	11.47967285117322	-24	0.123606528917	108	74
185	11.433754159768528	10	1.0	98	74
186	11.388019143129455	-28	0.0855440053462	126	74
187	11.342467066556937	36	1.0	90	74
188	11.297097198290707	-24	0.119499924168	114	74
189	11.251908809497545	-24	0.118484701513	114	74
190	11.206901174259555	28	1.0	86	74
191	11.162073569562518	-8	0.488354984537	94	74
192	11.117425275284267	2	1.0	92	74
193	11.07295557418313	6	1.0	86	74
194	11.028663751886397	-10	0.403843375411	86	74
195	10.984549096878851	-32	0.0543026176515	86	74
196	10.940610900491336	-24	0.111507683335	86	74
197	10.896848456889371	-16	0.23031336392	86	74
198	10.853261063061813	-14	0.275288709484	100	74
199	10.809848018809564	-10	0.396498751693	100	74
200	10.766608626734326	14	1.0	86	74
201	10.723542192227391	24	1.0	62	62
202	10.680648023458481	-32	0.0499829720344	62	62
203	10.637925431364646	-30	0.0596000580981	62	62
204	10.595373729639189	-28	0.0711715015869	62	62
205	10.55299223472063	-28	0.0704201452304	62	62
206	10.510780265781749	-62	0.0027429926382	62	62
207	10.46873714471862	-30	0.0569446713434	62	62
208	10.426862196139746	-28	0.0681958452159	62	62
209	10.385154747355188	-34	0.0378583380291	62	62
210	10.343614128365767	-38	0.0253807499245	62	62
211	10.302239671852304	-30	0.0543675307107	62	62
212	10.261030713164896	-74	0.000737863916368	62	62
213	10.219986590312235	-74	0.000716799781208	62	62
214	10.179106643950988	-24	0.0946309433949	62	62
215	10.138390217375182	0	1.0	62	62
216	10.097836656505681	-32	0.0420458072364	62	62
217	10.057445309879657	-24	0.091970089181	86	62
218	10.01721552864014	0	1.0	86	62
219	9.977146666525579	-28	0.0604212997967	86	62
220	9.937238079859476	-28	0.0597441304659	86	62
221	9.89748912754004	0	1.0	86	62
222	9.857899171029878	-12	0.296028985896	86	62
223	9.81846757434576	-32	0.0384204886937	86	62
224	9.779193704048376	-12	0.293142913102	98	62
225	9.740076929232183	-24	0.0850899585123	98	62
226	9.701116621515254	-22	0.103541769236	98	62
227	9.662312155029193	-76	0.00038371435014	98	62
228	9.623662906409075	-20	0.12515393986	98	62
229	9.58516825478344	-20	0.124113723518	98	62
230	9.546827581764305	-18	0.151761801911	98	62
231	9.50864027143725	0	1.0	98	62
232	9.4706057103515	-92	6.04153232146e-05	98	62
233	9.432723287510093	0	1.0	98	62
234	9.394992394360052	-2	0.808253636311	100	62
235	9.357412424782613	-16	0.180888509925	116	62
236	9.319982775083481	18	1.0	98	62
237	9.282702843983149	-32	0.0318323621881	98	62
238	9.245572032607217	-2	0.805477694446	98	62
239	9.208589744476788	-72	0.000402109223325	98	62
240	9.17175538549888	-72	0.000389678874529	98	62
241	9.135068363956885	-6	0.518502964162	104	62
242	9.098528090501055	6	1.0	98	62
243	9.062133978139052	-20	0.110031819281	98	62
244	9.025885442226496	-22	0.0873847939532	98	62
245	8.98978190045759	8	1.0	90	62
246	8.953822772855759	-8	0.409231968533	90	62
247	8.918007481764338	-20	0.106176399436	90	62
248	8.88233545183728	-72	0.000301730529434	90	62
249	8.846806110029931	-60	0.00113388144789	90	62
250	8.81141888558981	-6	0.506143728987	90	62
251	8.776173210047451	-10	0.319995355849	90	62
252	8.741068517207262	-2	0.795483654262	92	62
253	8.706104243138432	-90	3.23928007129e-05	92	62
254	8.671279826165879	-18	0.125453746191	92	62
255	8.636594706861215	-112	2.33365678528e-06	92	62
256	8.60204832803377	-30	0.0305759526985	92	62
257	8.567640134721636	-8	0.393078463486	92	62
258	8.533369574182748	2	1.0	90	62
259	8.499236095886019	-14	0.192587080795	90	62
260	8.465239151502473	-6	0.492243916188	96	62
261	8.431378194896464	-2	0.788826292885	98	62
262	8.397652682116878	-18	0.117248916127	98	62
263	8.36406207138841	-94	1.31569766808e-05	98	62
264	8.330605823102857	0	1.0	98	62
265	8.297283399810444	0	1.0	98	62
266	8.264094266211202	-2	0.785047705131	100	62
267	8.231037889146359	-6	0.482416143476	100	62
268	8.198113737589772	-12	0.231366708661	112	62
269	8.165321282639415	-96	7.83398759658e-06	112	62
270	8.132659997508856	-16	0.13982327317	112	62
271	8.10012935751882	-70	0.000176562206673	112	62
272	8.067728840088744	-104	2.52097560449e-06	112	62
273	8.03545792472839	8	1.0	104	62
274	8.003316093029477	-14	0.173899991724	104	62
275	7.971302828657358	-6	0.471092861949	110	62
276	7.9394176173427295	-20	0.0805339490017	110	62
277	7.907659946873357	-92	8.85712040952e-06	110	62
278	7.876029307085865	6	1.0	104	62
279	7.844525189857521	-2	0.774951460852	106	62
280	7.813147089098091	22	1.0	84	62
281	7.781894500741698	-30	0.0211714356967	84	62
282	7.750766922738732	-98	3.22715350479e-06	84	62
283	7.719763855047777	-18	0.0971326663435	84	62
284	7.688884799627585	-22	0.0571958921897	84	62
285	7.6581292604290745	-30	0.0198926332873	84	62
286	7.6274967433873595	-16	0.12274161923	84	62
287	7.596986756413809	-116	2.33703686046e-07	84	62
288	7.566598809388154	6	1.0	78	62
289	7.536332414150602	-34	0.0109822133798	78	62
290	7.506187084494	-30	0.0183761262822	78	62
291	7.4761623361560225	-30	0.0180835253415	78	62
292	7.446257686811399	-4	0.584392407386	78	62
293	7.416472656064153	-10	0.259668391875	78	62
294	7.386806765439896	-22	0.0508801270574	78	62
295	7.357259538378137	-26	0.0291901330533	78	62
296	7.327830500224625	-4	0.579340926919	78	62
297	7.298519178223726	-4	0.578072272051	82	62
298	7.26932510151083	-12	0.191901659391	82	62
299	7.240247801104788	-26	0.0275697171941	82	62
300	7.211286809900369	-34	0.00896137867394	82	62
301	7.182441662660767	-12	0.188107620101	94	62
302	7.153711896010124	-86	6.01213283785e-06	94	62
303	7.125097048426083	-138	3.87718197529e-09	94	62
304	7.096596660232379	0	1.0	94	62
305	7.068210273591449	0	1.0	94	62
306	7.039937432497084	32	1.0	62	62
307	7.011777682767097	-24	0.0326205618695	62	62
308	6.983730572036027	-92	1.90034523428e-06	62	62
309	6.955795649747882	-96	1.0141694765e-06	62	62
310	6.9279724671488925	-26	0.023449602139	62	62
311	6.900260577280296	-34	0.00724567781473	62	62
312	6.872659534971174	-34	0.00710370566671	62	62
313	6.84516889683129	-32	0.00932711185713	62	62
314	6.817788221243965	-24	0.0295934207976	62	62
315	6.790517068358989	-84	4.24320358067e-06	62	62
316	6.763355000085554	-92	1.23712996778e-06	62	62
317	6.73630158008521	-56	0.000245266054386	62	62
318	6.709356373764869	-24	0.027956816303	86	62
319	6.682518948269811	-26	0.0204300501777	86	62
320	6.655788872476732	-28	0.0148929964945	86	62
321	6.629165716986824	24	1.0	62	62
322	6.602649054118876	0	1.0	62	62
323	6.576238457902402	-10	0.218574988944	72	62
324	6.549933504070792	-22	0.0347765237481	72	62
325	6.523733770054509	6	1.0	66	62
326	6.497638834974291	-8	0.29193722645	66	62
327	6.471648279634393	-20	0.0454836296552	66	62
328	6.445761686515857	-24	0.0241522708035	66	62
329	6.419978639769791	0	1.0	66	62
330	6.394298725210712	4	1.0	62	62
331	6.36872153030987	-16	0.0810833080188	62	62
332	6.343246644188631	-10	0.206701455996	62	62
333	6.317873657611877	-4	0.5309303654	66	62
334	6.292602162981428	-24	0.0220597093774	66	62
335	6.267431754329503	-24	0.0217243893085	66	62
336	6.2423620273121845	0	1.0	66	62
337	6.2173925792029365	-6	0.380969954267	66	62
338	6.192523008886123	-28	0.0108718118555	66	62
339	6.16775291685058	-46	0.00057672459124	66	62
340	6.143081905183177	-50	0.000291859780319	66	62
341	6.118509577562444	-64	2.86584072413e-05	66	62
342	6.094035539252195	-64	2.74794529125e-05	66	62
343	6.069659397095187	-6	0.372125787541	72	62
344	6.045380759506806	-4	0.515992932111	72	62
345	6.021199236468778	-102	4.39529114786e-08	72	62
346	5.997114439522903	6	1.0	66	62
347	5.973125981764811	-24	0.0179889676186	66	62
348	5.949233477837752	-24	0.017701017562	66	62
349	5.925436543926401	-116	3.14762794884e-09	66	62
350	5.901734797750695	-116	2.90963657902e-09	66	62
351	5.878127858559693	-136	8.95147051338e-11	66	62
352	5.854615347125454	-18	0.0462128464616	66	62
353	5.831196885736952	-64	1.71168310061e-05	66	62
354	5.807872098194004	-28	0.00805837942571	66	62
355	5.784640609801228	-50	0.000176254897592	66	62
356	5.761502047362023	-24	0.015520704077	66	62
357	5.738456039172576	-12	0.123544382005	78	62
358	5.715502215015885	12	1.0	66	62
359	5.692640206155821	-16	0.0601660747409	66	62
360	5.669869645331198	-116	1.30244294199e-09	66	62
361	5.647190166749873	-8	0.242529065607	74	62
362	5.624601406082873	-96	3.86825936011e-08	74	62
363	5.602103000458542	-116	1.01689733008e-09	74	62
364	5.579694588456707	-22	0.0193925145416	74	62
365	5.557375810102881	-28	0.00648444396922	74	62
366	5.535146306862469	-116	7.91580962496e-10	74	62
367	5.51300572163502	-28	0.00622676005611	74	62
368	5.490953698748479	6	1.0	68	62
369	5.468989883953485	-136	1.58558812268e-11	68	62
370	5.447113924417671	-12	0.110471084261	68	62
371	5.4253254687200005	-50	9.94319614053e-05	68	62
372	5.403624166845121	-28	0.00561840466062	68	62
373	5.38200967017774	-50	9.23236712681e-05	68	62
374	5.360481631497029	-14	0.0734092287144	68	62
375	5.339039704971041	-16	0.0499469619965	68	62
376	5.317683546151157	-14	0.0718822943617	68	62
377	5.296412811966553	-100	6.31269270179e-09	68	62
378	5.275227160718686	-10	0.150220214708	78	62
379	5.254126252075811	-28	0.00484821405892	78	62
380	5.233109747067508	-100	5.02371236262e-09	78	62
381	5.212177308079237	-18	0.0316362645519	78	62
382	5.191328598846921	-6	0.3148139356	78	62
383	5.170563284451533	-2	0.679223495297	80	62
384	5.149881031313727	-22	0.0139546381076	80	62
385	5.129281507188472	-120	6.91260467475e-11	80	62
386	5.108764381159718	10	1.0	70	62
387	5.0883293236350795	2	1.0	68	62
388	5.067976006340539	-50	5.19166250075e-05	68	62
389	5.047704102315177	-126	1.44280984059e-11	68	62
390	5.027513285905916	-50	4.79537015535e-05	68	62
391	5.007403232762293	-28	0.00372860675917	68	62
392	4.987373619831244	-50	4.42649809186e-05	68	62
393	4.9674241253519185	-50	4.25181715299e-05	68	62
394	4.947554428850511	-50	4.08336925279e-05	68	62
395	4.927764211135108	-24	0.00767058111929	68	62
396	4.9080531542905685	-118	3.61943021462e-11	68	62
397	4.888420941673406	-16	0.0378910418877	68	62
398	4.868867257906712	2	1.0	66	62
399	4.849391788875085	-50	3.32794209643e-05	66	62
400	4.829994221719585	-50	3.19295304132e-05	66	62
401	4.810674244832707	-72	3.16254995916e-07	66	62
402	4.791431547853375	-8	0.188313501448	66	62
403	4.7722658216619624	-2	0.65764622871	66	62
404	4.753176758375314	-8	0.185799918009	66	62
405	4.734164051341813	-8	0.184548261277	66	62
406	4.715227395136446	0	1.0	66	62
407	4.6963664855559	-50	2.3783260199e-05	66	62
408	4.677581019613676	4	1.0	62	62
409	4.658870695535222	-34	0.000676954893924	62	62
410	4.640235212753081	-16	0.0318059764067	62	62
411	4.6216742719020685	-30	0.00151679742841	62	62
412	4.60318757481446	-30	0.0014777671484	62	62
413	4.584774824515202	-34	0.000601641093666	62	62
414	4.566435725217142	-102	1.99163299897e-10	62	62
415	4.5481699823162725	-32	0.000879816810245	62	62
416	4.529977302387008	-96	6.2569432446e-10	62	62
417	4.5118573931774595	-16	0.0288336730192	62	62
418	4.49380996360475	-34	0.000517778496955	62	62
419	4.4758347237503315	-4	0.409144023768	66	62
420	4.457931384855329	-28	0.00187164023715	66	62
421	4.4400996593159086	-50	1.28648921046e-05	66	62
422	4.422339260678645	-50	1.22960383511e-05	66	62
423	4.40464990363593	-16	0.0264493208524	66	62
424	4.387031304021386	-28	0.00169097805163	66	62
425	4.3694831788053	4	1.0	62	62
426	4.352005246090079	-26	0.002543389842	62	62
427	4.334597225105719	-10	0.0995575484639	62	62
428	4.317258836205296	-34	0.000379989279784	62	62
429	4.299989800860475	-32	0.000586183242677	62	62
430	4.282789841657033	-4	0.39299018297	62	62
431	4.265658682290405	-4	0.391518882607	62	62
432	4.248596047561243	-84	2.59096058582e-09	62	62
433	4.2316016633709985	-30	0.000833802344407	62	62
434	4.2146752567175145	-102	3.08725762511e-11	62	62
435	4.197816555690644	-32	0.000489067238466	62	62
436	4.181025289467882	-38	0.000112937072141	62	62
437	4.16430118831001	-10	0.0905943627209	62	62
438	4.147643983556771	-96	8.87080690901e-11	62	62
439	4.131053407622543	-16	0.0207937227948	62	62
440	4.114529193992053	-16	0.0204727865195	62	62
441	4.098071077216084	-26	0.00175647155471	62	62
442	4.08167879290722	-34	0.000241194755537	62	62
443	4.065352077735591	-34	0.00023325943389	62	62
444	4.049090669424649	-56	9.85353133344e-07	62	62
445	4.03289430674695	-38	8.08824865694e-05	62	62
446	4.016762729519963	-12	0.0504142997752	62	62
447	4.000695678601883	-26	0.00150513946267	62	62
448	3.984692895887475	-92	9.39410216847e-11	62	62
449	3.968754124303925	-4	0.364994509356	62	62
450	3.9528791078067096	-84	5.90333390197e-10	62	62
451	3.9370675913754827	-10	0.0788694383088	62	62
452	3.9213193210099804	-16	0.0169030805109	62	62
453	3.9056340437259403	0	1.0	62	62
454	3.890011507551037	-34	0.00016000043225	62	62
455	3.8744514615208328	0	1.0	62	62
456	3.8589536556747492	-92	4.42724084947e-11	62	62
457	3.8435178410520505	-10	0.0741412544372	62	62
458	3.828143769687842	-16	0.0153050667715	62	62
459	3.8128311946090907	-32	0.000226511794419	62	62
460	3.7975798698306544	-26	0.00106320684204	62	62
461	3.782389550351332	-26	0.00103437131587	62	62
462	3.767259992149927	-4	0.345839788187	62	62
463	3.752190952181327	-34	0.000116063567148	62	62
464	3.7371821883726017	-30	0.000326383185337	62	62
465	3.722233459619111	-32	0.00018466097696	62	62
466	3.7073445257806346	-116	2.57783349084e-14	62	62
467	3.692515147677512	-30	0.000296179900652	62	62
468	3.677745087086802	-24	0.00146523774899	62	62
469	3.663034106738455	-24	0.00142733594766	62	62
470	3.648381970311501	-16	0.0124565869944	62	62
471	3.633788442430255	-26	0.000780897183954	62	62
472	3.619253288660534	-34	8.32050119813e-05	62	62
473	3.604776275505891	-96	2.71743219942e-12	62	62
474	3.590357170403868	-34	7.71460689102e-05	62	62
475	3.5759957417222528	-34	7.42671894371e-05	62	62
476	3.561691758755363	-26	0.000675605131682	62	62
477	3.5474449917203423	-26	0.000656086018453	62	62
478	3.533255211753461	-96	1.58503907591e-12	62	62
479	3.5191221909064474	-24	0.00109184915897	62	62
480	3.505045702142821	-84	3.90784204923e-11	62	62
481	3.49102551933425	-116	3.70883550347e-15	62	62
482	3.477061417256913	0	1.0	62	62
483	3.463153171587885	-10	0.0557129907558	62	62
484	3.4493005589015335	0	1.0	62	62
485	3.435503356665927	-92	2.34393298582e-12	62	62
486	3.4217613432392637	-92	2.10493235347e-12	62	62
487	3.408074297866307	-100	1.80673778697e-13	62	62
488	3.3944420006748413	-32	8.05062800909e-05	62	62
489	3.380864232672142	-32	7.75152780386e-05	62	62
490	3.3673407757414537	-116	1.09442432837e-15	62	62
491	3.3538714126384876	-4	0.303415669138	62	62
492	3.340455926987934	-34	3.79875784152e-05	62	62
493	3.3270941032799817	-10	0.0495077608269	62	62
494	3.313785726866862	-26	0.000391309707036	62	62
495	3.300530583959395	-30	0.000112850382858	62	62
496	3.2873284616235567	-96	2.07624611643e-13	62	62
497	3.2741791477770628	-12	0.0256031279303	62	62
498	3.2610824311859545	-16	0.0073994738268	62	62
499	3.2480381014612107	-102	2.29933235999e-14	62	62
500	3.2350459490553662	-102	2.02688480887e-14	62	62
501	3.222105765259144	-4	0.288972376735	62	62
502	3.209217342198108	-16	0.00683540697525	62	62
503	3.1963804728293153	-32	4.48887284797e-05	62	62
504	3.183594950937998	-34	2.30061135109e-05	62	62
505	3.170860571134246	-32	4.14137527286e-05	62	62
506	3.158177128849709	-16	0.00630625283132	62	62
507	3.14554442033431	-10	0.0416231025869	62	62
508	3.1329622426529733	-34	1.93590778653e-05	62	62
509	3.120430393682361	-12	0.0213730743923	62	62
510	3.1079486721076317	-34	1.77399463388e-05	62	62
511	3.0955168774192012	-32	3.23942228927e-05	62	62
512	3.0831348099095246	-24	0.000416224831832	62	62
513	3.070802270669886	-28	0.00010965863162	62	62
514	3.058519061587206	-26	0.000203296276363	62	62
515	3.046284985340858	-16	0.00523546749337	62	62
516	3.0340998453994947	-34	1.3592946976e-05	62	62
517	3.0219634460178963	-34	1.29947730052e-05	62	62
518	3.0098755922338247	-4	0.264752836066	62	62
519	2.9978360898648893	-34	1.18697904209e-05	62	62
520	2.98584474550543	-16	0.00470740945587	62	62
521	2.9739013665234078	-30	4.15855042296e-05	62	62
522	2.9620057610573145	-32	2.03284306226e-05	62	62
523	2.9501577380130852	-84	4.3083388256e-13	62	62
524	2.938357107061033	-30	3.68083095862e-05	62	62
525	2.9266036786327887	-32	1.78380614292e-05	62	62
526	2.9148972639182578	-116	5.21198627118e-18	62	62
527	2.9032376748625843	-30	3.25318453727e-05	62	62
528	2.891624724163134	-96	3.81693440737e-15	62	62
529	2.8800582252664815	-136	3.10501767575e-21	62	62
530	2.8685379923654155	-26	0.000115776300971	62	62
531	2.857063840395954	-10	0.0301944605117	62	62
532	2.84563558503437	-30	2.63917199433e-05	62	62
533	2.8342530426942325	-16	0.00353434825994	62	62
534	2.8229160305234555	-10	0.0289427301877	62	62
535	2.811624366401362	-34	5.60050507645e-06	62	62
536	2.8003778689357564	-34	5.3350161467e-06	62	62
537	2.7891763574600135	-4	0.238326159642	62	62
538	2.7780196520301734	-38	1.14648602798e-06	62	62
539	2.7669075734220527	-16	0.00308060581161	62	62
540	2.7558399431283647	-32	9.05942561463e-06	62	62
541	2.744816583355851	-34	4.17254528802e-06	62	62
542	2.7338373170224273	-32	8.2511429656e-06	62	62
543	2.722901967754338	-32	7.87224326667e-06	62	62
544	2.7120103598833203	-56	1.0772130153e-09	62	62
545	2.701162318443787	-16	0.00267615027479	62	62
546	2.690357669170012	-116	1.88169529714e-19	62	62
547	2.679596238493332	-26	6.11027088537e-05	62	62
548	2.6688778535393585	-12	0.0111504913629	62	62
549	2.6582023421252012	-26	5.65126398247e-05	62	62
550	2.6475695327567004	-28	2.55279315042e-05	62	62
551	2.6369792546256736	-10	0.0225455420123	62	62
552	2.626431337607171	-24	0.000107515609037	62	62
553	2.615925612256742	-32	4.86830977882e-06	62	62
554	2.6054619098077154	-34	2.15114667342e-06	62	62
555	2.595040062168484	-4	0.214080744926	66	62
556	2.58465990191981	-52	1.83045531431e-09	66	62
557	2.5743212623121314	4	1.0	62	62
558	2.564023977262883	-10	0.0202394919888	62	62
559	2.5537678813538314	-12	0.00910493051013	62	62
560	2.5435528098284155	-70	1.11679191994e-12	62	62
561	2.5333785985891017	-32	3.26793179396e-06	62	62
562	2.5232450841947456	-34	1.40607042486e-06	62	62
563	2.5131521038579665	-24	7.12183374193e-05	62	62
564	2.5030994954425347	-34	1.26156237692e-06	62	62
565	2.4930870974607644	-30	5.94313408504e-06	62	62
566	2.4831147490709213	-24	6.34486098714e-05	62	62
567	2.4731822900746376	-34	1.07040843439e-06	62	62
568	2.4632895609143395	-28	1.15720973534e-05	62	62
569	2.4534364026706816	-28	1.10557045527e-05	62	62
570	2.4436226570599993	-24	5.42730016956e-05	62	62
571	2.4338481664317593	-34	8.57154968304e-07	62	62
572	2.424112773766032	-24	5.01481221737e-05	62	62
573	2.4144163226709683	-32	1.75380846654e-06	62	62
574	2.4047586573802837	-28	8.77520804656e-06	62	62
575	2.395139622750763	-74	3.82014702386e-14	62	62
576	2.38555906425976	-16	0.00122229724317	62	62
577	2.3760168280027205	-78	5.53297735425e-15	62	62
578	2.3665127606907097	-74	2.62886496759e-14	62	62
579	2.357046709647947	-114	9.8874161877e-22	62	62
580	2.347618522809355	-34	5.1311704582e-07	62	62
581	2.3382280487181175	-16	0.00106712357384	62	62
582	2.3288751365232456	-34	4.56661759734e-07	62	62
583	2.3195596359771526	-32	1.01998560557e-06	62	62
584	2.3102813974332435	-30	2.29350087859e-06	62	62
585	2.301040271843511	-36	1.60479800026e-07	62	62
586	2.2918361107561367	-24	2.83196971092e-05	62	62
587	2.282668766313112	-62	1.59972405078e-12	62	62
588	2.2735380912478598	-32	7.71461855367e-07	62	62
589	2.2644439388828683	-74	6.42162977729e-15	62	62
590	2.2553861631273366	-10	0.0118689383037	62	62
591	2.2463646184748276	-24	2.29101856269e-05	62	62
592	2.237379160000928	-34	2.51367096329e-07	62	62
593	2.2284296433609243	-94	4.79199056312e-19	62	62
594	2.2195159247874807	-24	2.01326306709e-05	62	62
595	2.2106378610883306	-34	2.09157917878e-07	62	62
596	2.2017953096439773	-62	5.89890678608e-13	62	62
597	2.1929881284054016	-24	1.76641800859e-05	62	62
598	2.18421617589178	-28	2.70815233506e-06	62	62
599	2.1754793111882127	-80	1.07021137824e-16	62	62
600	2.16677739394346	-34	1.53202420597e-07	62	62
601	2.158110284367686	-30	9.18016495108e-07	62	62
602	2.149477843230215	-114	9.26186905573e-24	62	62
603	2.1408799318572944	-24	1.3533482377e-05	62	62
604	2.1323164121298652	-94	7.15769534913e-20	62	62
605	2.123787146481346	-4	0.152067935133	62	62
606	2.1152919978954206	-30	6.92859133557e-07	62	62
607	2.1068308299038385	-70	3.71923272937e-15	62	62
608	2.0984035065842233	-28	1.60325036473e-06	62	62
609	2.0900098925578865	-36	3.30647243337e-08	62	62
610	2.081649852987655	-34	8.06458591739e-08	62	62
611	2.0733232535757042	-34	7.55256463921e-08	62	62
612	2.0650299605614015	-32	1.86256103617e-07	62	62
613	2.0567698407191557	-34	6.61874306913e-08	62	62
614	2.048542761356279	-24	8.16507115076e-06	62	62
615	2.0403485903108542	0	1.0	62	62
616	2.0321871959496107	-30	3.87938290702e-07	62	62
617	2.024058447165812	-24	7.08617323683e-06	62	62
618	2.015962213377149	-38	6.51238783288e-09	62	62
619	2.0078983645236406	-34	4.42625012486e-08	62	62
620	1.999866771065546	-62	3.43537508877e-14	62	62
621	1.9918673039812838	-34	3.86232982082e-08	62	62
622	1.9838998347653582	-114	1.10743753605e-25	62	62
623	1.975964235426297	-34	3.36656042319e-08	62	62
624	1.9680603784845918	-24	5.05694599671e-06	62	62
625	1.9601881369706535	-28	6.25732322829e-07	62	62
626	1.9523473844227706	-34	2.73394925294e-08	62	62
627	1.9445379948850798	-28	5.57776648893e-07	62	62
628	1.9367598429055395	-10	0.00572299634338	62	62
629	1.9290128035339171	0	1.0	62	62
630	1.9212967523197815	-12	0.00193861466716	62	62
631	1.9136115653105024	-16	0.000233774523788	62	62
632	1.9059571190492604	-78	1.68575101964e-18	62	62
633	1.8983332905730634	-36	5.80814880521e-09	62	62
634	1.890739957410771	-34	1.55007461522e-08	62	62
635	1.883176997581128	-30	1.20631434595e-07	62	62
636	1.8756442895908034	-28	3.28672610222e-07	62	62
637	1.8681417124324402	-32	3.63772775594e-08	62	62
638	1.8606691455827105	-28	2.91463891136e-07	62	62
639	1.8532264690003797	-24	2.37529951939e-06	62	62
640	1.8458135631243782	-28	2.58217727818e-07	62	62
641	1.8384303088718807	-36	3.13097120157e-09	62	62
642	1.831076587636393	-24	2.03087619558e-06	62	62
643	1.8237522812858475	-26	6.43513953761e-07	62	62
644	1.816457272160704	-34	7.42989733972e-09	62	62
645	1.8091914430720615	-32	2.08177615995e-08	62	62
646	1.801954677299773	-16	0.000139249031776	62	62
647	1.794746858590574	-28	1.6770053962e-07	62	62
648	1.7875678711562115	-80	3.66253815223e-20	62	62
649	1.780417599671587	-62	7.5237944072e-16	62	62
650	1.7732959292729005	-62	6.54183699576e-16	62	62
651	1.7662027455558087	-30	4.20001587617e-08	62	62
652	1.7591379345735856	-34	4.03746550583e-09	62	62
653	1.7521013828352912	-34	3.73592731912e-09	62	62
654	1.7450929773039499	-94	4.04191038706e-24	62	62
655	1.738112605394734	-16	0.000100496518738	62	62
656	1.7311601549731552	-26	3.00196084927e-07	62	62
657	1.7242355143532628	-24	9.01494228974e-07	62	62
658	1.7173385722958496	-24	8.52482934226e-07	62	62
659	1.7104692180066663	-80	4.87195338916e-21	62	62
660	1.7036273411346397	-38	2.05546755868e-10	62	62
661	1.6968128317701012	-4	0.0946697492186	62	62
662	1.6900255804430206	-114	5.06803163702e-30	62	62
663	1.6832654781212484	-34	1.68949863531e-09	62	62
664	1.6765324162087634	-30	1.69317223673e-08	62	62
665	1.6698262865439286	-28	5.21985408366e-08	62	62
666	1.6631469813977529	-34	1.32325381909e-09	62	62
667	1.6564943934721619	-24	5.10217796934e-07	62	62
668	1.6498684158982733	-34	1.12250389317e-09	62	62
669	1.64326894223468	-28	3.98076311805e-08	62	62
670	1.636695866465741	-28	3.71746873129e-08	62	62
671	1.6301490829998782	-10	0.00216700714309	62	62
672	1.6236284866678785	-24	3.80527780834e-07	62	62
673	1.6171339727212073	-28	3.02254135819e-08	62	62
674	1.6106654368303226	-30	8.14515930493e-09	62	62
675	1.604222775083001	-24	3.1822228404e-07	62	62
676	1.597805883982669	-28	2.45137635808e-08	62	62
677	1.5914146604467385	-24	2.82123259419e-07	62	62
678	1.5850490018049515	-80	1.20351483537e-22	62	62
679	1.5787088057977317	-70	5.53819816026e-20	62	62
680	1.5723939705745407	-36	1.13976883238e-10	62	62
681	1.5661043946922426	-28	1.7193110978e-08	62	62
682	1.5598399771134737	-70	3.23912626519e-20	62	62
683	1.5536006172050194	-34	3.13053723154e-10	62	62
684	1.5473862147361996	0	1.0	62	62
685	1.5411966698772548	-76	3.83642619247e-22	62	62
686	1.5350318831977456	-32	8.84080902088e-10	62	62
687	1.5288917556649548	-28	1.11266895756e-08	62	62
688	1.522776188642295	-68	4.04070807655e-20	62	62
689	1.516685083887726	-28	9.60180935562e-09	62	62
690	1.5106183435521747	-10	0.00133368998682	62	62
691	1.5045758701779661	-38	1.0748154975e-11	62	62
692	1.4985575666972544	-28	7.6800926522e-09	62	62
693	1.4925633364304651	-28	7.12488025363e-09	62	62
694	1.4865930830847434	-28	6.60781386458e-09	62	62
695	1.4806467107524044	-36	2.75863495671e-11	62	62
696	1.4747241239093947	-68	9.43067628859e-21	62	62
697	1.468825227413757	-76	3.37848182882e-23	62	62
698	1.462949926504102	-28	4.87370671186e-09	62	62
699	1.4570981267980856	-28	4.5131243524e-09	62	62
700	1.4512697342908933	-62	2.79520692149e-19	62	62
701	1.4454646553537298	-34	6.08963388477e-11	62	62
702	1.439682796732315	-34	5.54071032039e-11	62	62
703	1.4339240655453855	-10	0.00093602349157	62	62
704	1.428188369283204	-38	2.78399414375e-12	62	62
705	1.4224756158060712	-30	6.9299907491e-10	62	62
706	1.416785713342847	-28	2.61227294246e-09	62	62
707	1.4111185704894755	-114	8.21604399131e-36	62	62
708	1.4054740962075176	-34	3.11837084269e-11	62	62
709	1.3998521998226876	-114	4.28831752475e-36	62	62
710	1.3942527910233968	-94	5.24842495825e-30	62	62
711	1.3886757798593032	-28	1.7509737155e-09	62	62
712	1.383121076739866	-28	1.61477521584e-09	62	62
713	1.3775885924329065	-16	9.03415615967e-06	62	62
714	1.3720782380631749	-38	9.37824383229e-13	62	62
715	1.3665899251109221	-76	7.04098751967e-25	62	62
716	1.3611235654104785	-16	7.85001997591e-06	62	62
717	1.3556790711488367	-74	1.96767372374e-24	62	62
718	1.3502563548642412	-28	9.86554074427e-10	62	62
719	1.3448553294447843	-68	1.09835386964e-22	62	62
720	1.3394759081270051	-38	4.77933607442e-13	62	62
721	1.3341180044944971	-94	2.51331592798e-31	62	62
722	1.328781532476519	-28	7.05625520226e-10	62	62
723	1.323466406346613	-38	3.3910115402e-13	62	62
724	1.3181725407212266	-74	4.16327150509e-25	62	62
725	1.3128998505583416	-24	1.15088989947e-08	62	62
726	1.3076482511561083	-28	5.01967319577e-10	62	62
727	1.3024176581514837	-24	9.93433808614e-09	62	62
728	1.2972079875188778	-4	0.0457965914224	62	62
729	1.2920191555688025	-26	1.82161812387e-09	62	62
730	1.286851078946527	-30	7.5060934946e-11	62	62
731	1.281703674630741	-114	2.35538188072e-39	62	62
732	1.276576859932218	-30	6.22198122557e-11	62	62
733	1.2714705524924892	-24	6.34384212612e-09	62	62
734	1.2663846702825192	-24	5.88071438233e-09	62	62
735	1.2613191316013892	-94	4.30663161733e-33	62	62
736	1.2562738550749835	-32	8.66132742914e-12	62	62
737	1.2512487596546835	-24	4.67592798473e-09	62	62
738	1.246243764616065	-10	0.000327470571865	62	62
739	1.2412587895576006	-28	1.59696560032e-10	62	62
740	1.2362937543993702	-30	2.89318672911e-11	62	62
741	1.2313485793817727	-28	1.33183113482e-10	62	62
742	1.2264231850642457	-24	3.17137156958e-09	62	62
743	1.2215174923239887	-34	8.16106970269e-13	62	62
744	1.2166314223546928	-30	1.95460373148e-11	62	62
745	1.2117648966652739	-28	9.22247596551e-11	62	62
746	1.2069178370786129	-76	4.4909515438e-28	62	62
747	1.2020901657302985	-24	2.13409220658e-09	62	62
748	1.197281805067377	-32	2.46899943411e-12	62	62
749	1.1924926778471077	-68	1.71809547397e-25	62	62
750	1.1877227071357193	-16	1.41107632857e-06	62	62
751	1.1829718163071763	-74	6.80774225425e-28	62	62
752	1.1782399290419476	-24	1.42461290955e-09	62	62
753	1.17352696932578	-70	1.24354412017e-26	62	62
754	1.1688328614484766	-32	1.28824777957e-12	62	62
755	1.164157530002683	-4	0.0321944529194	62	62
756	1.1595008998826721	-68	3.39155949279e-26	62	62
757	1.1548628962831415	-32	9.2506084682e-13	62	62
758	1.1502434446980088	-34	1.4544767074e-13	62	62
759	1.1456424709192168	-24	7.97974855371e-10	62	62
760	1.14105990103554	-62	2.52589394078e-24	62	62
761	1.1364956614313977	-28	1.99630588735e-11	62	62
762	1.1319496787856722	-28	1.80824016647e-11	62	62
763	1.1274218800705293	-10	0.000140571520899	62	62
764	1.1229121925502472	-68	5.01769145851e-27	62	62
765	1.1184205437800463	-32	3.7502724304e-13	62	62
766	1.1139468616049262	-34	5.55161602897e-14	62	62
767	1.1094910741585065	-36	8.09678556351e-15	62	62
768	1.1050531098618723	-34	4.3424527143e-14	62	62
769	1.1006328974224249	-16	4.85983839194e-07	62	62
770	1.0962303658327353	-28	8.07638598539e-12	62	62
771	1.0918454443694041	-16	4.32324786511e-07	62	62
772	1.0874780625919267	-62	1.73669345851e-25	62	62
773	1.0831281503415588	-28	5.92968498329e-12	62	62
774	1.0787956377401926	-28	5.34494690599e-12	62	62
775	1.074480455189232	-24	1.99266795096e-10	62	62
776	1.0701825333684751	-24	1.82169993681e-10	62	62
777	1.0659018032350012	-16	3.02627363974e-07	62	62
778	1.061638196022061	-36	1.87558168225e-15	62	62
779	1.0573916432379729	-32	7.19253085566e-14	62	62
780	1.053162076665021	-28	2.84174994594e-12	62	62
781	1.048949428358361	-16	2.37438570077e-07	62	62
782	1.0447536306449274	-80	5.55565516928e-34	62	62
783	1.0405746161223477	-10	6.70498020829e-05	62	62
784	1.0364123176578584	-36	8.21655487202e-16	62	62
785	1.0322666683872268	-80	2.20017987618e-34	62	62
786	1.0281376017136779	-62	6.46617846005e-27	62	62
787	1.0240250513068232	-68	1.44823015863e-29	62	62
788	1.0199289511015959	-16	1.53837770877e-07	62	62
789	1.0158492352971895	-80	6.28794779359e-35	62	62
790	1.0117858383560008	-114	1.16719601609e-49	62	62
791	1.0077386950025766	-4	0.0188869715608	62	62
792	1.0037077402225665	-34	1.94327341728e-15	62	62
793	0.9996929092616762	-10	4.52606819393e-05	62	62
794	0.9956941376246294	-28	6.12586937301e-13	62	62
795	0.991711361074131	-70	2.2146266997e-31	62	62
796	0.9877445156298345	-28	4.88512538906e-13	62	62
797	0.983793537567315	-68	9.58255308706e-31	62	62
798	0.9798583634170459	-28	3.88859416121e-13	62	62
799	0.9759389299633777	-32	5.7536790648e-15	62	62
800	0.9720351742435243	-24	1.89263773725e-11	62	62
801	0.9681470335465501	-10	3.26714288925e-05	62	62
802	0.964274445412364	-76	5.89876130431e-35	62	62
803	0.9604173476307144	0	1.0	62	62
804	0.9565756782401915	-34	3.66164049311e-16	62	62
805	0.9527493755272308	-24	1.1481830423e-11	62	62
806	0.9489383780251217	-24	1.03770863387e-11	62	62
807	0.9451426245130213	-32	1.97674679969e-15	62	62
808	0.9413620540149692	-24	8.46591647088e-12	62	62
809	0.9375966057989094	-28	1.07252627593e-13	62	62
810	0.9338462193757138	-10	2.23563261998e-05	62	62
811	0.930110834498211	-10	2.14152589941e-05	62	62
812	0.926390391160218	-74	2.03510582794e-35	62	62
813	0.9226848295955772	-10	1.96401043589e-05	62	62
814	0.9189940902771949	-24	4.55174380603e-12	62	62
815	0.915318113916086	-28	5.18481235962e-14	62	62
816	0.9116568414604217	-32	5.69982089505e-16	62	62
817	0.90801021409458	-10	1.64844676867e-05	62	62
818	0.9043781732382017	-34	4.70701667269e-17	62	62
819	0.900760660545249	-28	3.16246701729e-14	62	62
820	0.8971576179030678	-30	3.00367374906e-15	62	62
821	0.8935689874314556	-24	2.16503072219e-12	62	62
822	0.8899947114817297	-38	2.86404179407e-19	62	62
823	0.8864347326358029	-28	1.91359057506e-14	62	62
824	0.8828889937052595	-34	1.88515311092e-17	62	62
825	0.8793574377304386	-36	1.66121250013e-18	62	62
826	0.8758400079795168	-24	1.25703542533e-12	62	62
827	0.8723366479475988	-36	1.19489734976e-18	62	62
828	0.8688473013558085	-24	1.0082494736e-12	62	62
829	0.8653719121503851	-34	8.64573420171e-18	62	62
830	0.8619104245017837	-78	4.98663184716e-40	62	62
831	0.8584627828037765	-16	8.04700539166e-09	62	62
832	0.8550289316725612	-28	5.99752268264e-15	62	62
833	0.8516088159458711	-4	0.00912267469453	62	62
834	0.8482023806820876	-38	3.49409033203e-20	62	62
835	0.8448095711593593	-78	7.98439804977e-41	62	62
836	0.8414303328747217	-94	3.04083643876e-49	62	62
837	0.838064611543223	-34	2.40335893861e-18	62	62
838	0.8347123530970502	-28	2.70279551191e-15	62	62
839	0.8313735036846619	-34	1.73386361156e-18	62	62
840	0.8280480096699232	-24	2.58513963232e-13	62	62
841	0.8247358176312436	-36	1.10381832347e-19	62	62
842	0.8214368743607185	-78	5.77196149329e-42	62	62
843	0.8181511268632757	-36	7.76829950931e-20	62	62
844	0.8148785223558226	-24	1.61827945973e-13	62	62
845	0.8116190082663992	-32	7.53203527217e-18	62	62
846	0.8083725322333337	-28	9.05997103499e-16	62	62
847	0.8051390421044003	-28	7.88340183087e-16	62	62
848	0.8019184859359827	-80	4.72553658589e-44	62	62
849	0.7987108119922388	-78	3.87205589667e-43	62	62
850	0.7955159687442699	-80	2.117171141e-44	62	62
851	0.7923339048692928	-10	3.30213385943e-06	62	62
852	0.7891645692498156	-24	6.19835325522e-14	62	62
853	0.7860079109728164	-38	1.0087556728e-21	62	62
854	0.7828638793289251	-24	4.85262985168e-14	62	62
855	0.7797324238116093	-12	2.07135051738e-07	62	62
856	0.7766134941163629	-32	1.27378651132e-18	62	62
857	0.7735070401398975	-34	8.13404202045e-20	62	62
858	0.7704130119793378	-24	2.95668729074e-14	62	62
859	0.7673313599314204	-36	4.21412020514e-21	62	62
860	0.7642620344916948	-114	1.65620861113e-65	62	62
861	0.761204986353728	-70	1.15481834615e-40	62	62
862	0.7581601664083131	-34	3.34108794906e-20	62	62
863	0.7551275257426797	-34	2.7904265169e-20	62	62
864	0.7521070156397092	-70	3.79668114866e-41	62	62
865	0.7490985875771503	-30	4.04871073828e-18	62	62
866	0.7461021932268417	-80	2.71171666025e-47	62	62
867	0.7431177844539343	-28	4.32693358512e-17	62	62
868	0.7401453133161187	-30	2.49415623543e-18	62	62
869	0.7371847320628541	-114	6.9130319042e-68	62	62
870	0.7342359931346027	-16	3.43663257541e-10	62	62
871	0.7312990491620642	-78	4.76828629828e-47	62	62
872	0.728373852965416	-24	4.89720405053e-15	62	62
873	0.7254603575535543	-34	4.4259923541e-21	62	62
874	0.7225585161233401	-28	1.48106263313e-17	62	62
875	0.7196682820588467	-24	3.28733981491e-15	62	62
876	0.7167896089306114	-28	1.08424110985e-17	62	62
877	0.7139224504948889	-62	1.92334769001e-38	62	62
878	0.7110667606929093	-16	1.68952524181e-10	62	62
879	0.7082224936501377	-34	1.41449808629e-21	62	62
880	0.7053896036755372	-30	3.38525227383e-19	62	62
881	0.7025680452608349	-16	1.28692558265e-10	62	62
882	0.6997577730797917	-34	7.91397413057e-22	62	62
883	0.6969587419874725	-16	1.07140230314e-10	62	62
884	0.6941709070195226	-34	5.3525838218e-22	62	62
885	0.6913942233914445	-70	1.07148458144e-44	62	62
886	0.6886286464978788	-74	2.14159152594e-47	62	62
887	0.6858741319118872	-80	2.20860874979e-51	62	62
888	0.6831306353842397	-62	3.83732138269e-40	62	62
889	0.6803981128427027	-34	1.98601063553e-22	62	62
890	0.6776765203913319	-12	2.04034165029e-08	62	62
891	0.6749658143097665	-36	6.86205987607e-24	62	62
892	0.6722659510525275	-32	2.12564995381e-21	62	62
893	0.6695768872483174	-24	2.71239053126e-16	62	62
894	0.6668985796993241	-28	5.83411280563e-19	62	62
895	0.6642309853805268	-30	2.42708391182e-20	62	62
896	0.6615740614390047	-28	4.16123934543e-19	62	62
897	0.6589277651932487	0	1.0	62	62
898	0.6562920541324757	-34	3.16848387231e-23	62	62
899	0.6536668859159458	-16	2.34230792679e-11	62	62
900	0.651052218372282	-4	0.00214653487463	62	62
901	0.6484480094987928	-28	1.76666521834e-19	62	62
902	0.6458542174607976	-24	7.27073868344e-17	62	62
903	0.6432708005909545	-28	1.24803432917e-19	62	62
904	0.6406977173885906	-74	6.90851652814e-51	62	62
905	0.6381349265190364	-16	1.29093744865e-11	62	62
906	0.6355823868129602	-28	7.37147362845e-20	62	62
907	0.6330400572657083	-10	1.37892883012e-07	62	62
908	0.6305078970366454	-32	9.08588833803e-23	62	62
909	0.6279858654484989	-38	5.25343126047e-27	62	62
910	0.6254739219867049	-28	3.61700685522e-20	62	62
911	0.6229720262987581	-32	4.91742353509e-23	62	62
912	0.6204801381935631	-28	2.52277155311e-20	62	62
913	0.6179982176407888	-28	2.10460504759e-20	62	62
914	0.6155262247702257	-10	8.79707479445e-08	62	62
915	0.6130641198711447	-70	2.58235565533e-50	62	62
916	0.6106118633916602	-24	8.51385028154e-18	62	62
917	0.6081694159380935	-28	1.01197010002e-20	62	62
918	0.605736738274341	-74	8.79613228777e-54	62	62
919	0.6033137913212437	-24	5.29221917833e-18	62	62
920	0.6009005361559588	-62	1.54938141027e-45	62	62
921	0.5984969340113349	-62	1.02376231141e-45	62	62
922	0.5961029462752896	-34	1.69468927454e-25	62	62
923	0.5937185344901884	-28	3.29990266477e-21	62	62
924	0.5913436603522276	-28	2.73052473105e-21	62	62
925	0.5889782857108188	-34	8.50051436194e-26	62	62
926	0.5866223725679754	-26	5.64163382308e-20	62	62
927	0.5842758830777035	-24	1.4478010654e-18	62	62
928	0.5819387795453927	-62	5.37136886253e-47	62	62
929	0.5796110244272112	-28	1.04710275385e-21	62	62
930	0.5772925803295024	-114	1.73116462022e-86	62	62
931	0.5749834100081843	-34	2.08563120421e-26	62	62
932	0.5726834763681516	-34	1.64475768245e-26	62	62
933	0.570392742462679	-26	1.59851360287e-20	62	62
934	0.5681111714928283	-34	1.01996783895e-26	62	62
935	0.565838726806857	-74	1.59685685419e-57	62	62
936	0.5635753718996296	-36	1.81212930112e-28	62	62
937	0.561321070412031	-62	1.07289979534e-48	62	62
938	0.5590757861303829	-34	3.8773207749e-27	62	62
939	0.5568394829858614	-24	1.91309961713e-19	62	62
940	0.554612125053918	-32	8.75155285803e-26	62	62
941	0.5523936765537022	-76	1.77192748325e-60	62	62
942	0.5501841018474873	-34	1.45106998884e-27	62	62
943	0.5479833654400975	-74	2.25223931885e-59	62	62
944	0.5457914319783371	-36	2.26077077341e-29	62	62
945	0.5436082662504238	-12	2.58863684219e-10	62	62
946	0.541433833185422	-4	0.000618761288517	62	62
947	0.5392680978526804	-12	2.16727019131e-10	62	62
948	0.5371110254612697	-28	2.29035823169e-23	62	62
949	0.5349625813594245	-28	1.85771604617e-23	62	62
950	0.5328227310339868	-30	3.52797175385e-25	62	62
951	0.5306914401098509	-32	6.49546950496e-27	62	62
952	0.5285686743494115	-10	6.07540307541e-09	62	62
953	0.5264543996520139	-70	1.79490655756e-58	62	62
954	0.5243485820534058	-34	6.90749315678e-29	62	62
955	0.5222511877251921	-76	6.30663757844e-64	62	62
956	0.5201621829742914	-28	4.18990157997e-24	62	62
957	0.5180815342423942	-28	3.37533661013e-24	62	62
958	0.5160092081054246	-62	6.58053018481e-53	62	62
959	0.513945171273003	-32	9.10598218909e-28	62	62
960	0.5118893905879109	-80	1.33913477615e-68	62	62
961	0.5098418330255592	-78	3.61314359745e-67	62	62
962	0.507802465693457	-24	2.979676064e-21	62	62
963	0.5057712558306832	-30	1.73648083814e-26	62	62
964	0.5037481708073605	-76	3.00892224622e-66	62	62
965	0.501733178124131	-24	1.68219131067e-21	62	62
966	0.49972624541163446	-114	8.44528943785e-100	62	62
967	0.49772734042998795	-34	2.15342543216e-30	62	62
968	0.495736431068268	-10	1.73543192563e-09	62	62
969	0.4937534853439949	-24	7.76495160465e-22	62	62
970	0.491778471402619	-28	1.87465013057e-25	62	62
971	0.48981135751700844	-28	1.49147055965e-25	62	62
972	0.4878521120869404	-36	8.95716181022e-33	62	62
973	0.48590070363859267	-28	9.4146796861e-26	62	62
974	0.4839571008240383	-36	4.94585342903e-33	62	62
975	0.4820212724207421	-16	3.83903334139e-15	62	62
976	0.4800931873310592	-24	1.9475597436e-22	62	62
977	0.47817281458173494	-16	2.93900275145e-15	62	62
978	0.47626012332340795	-78	7.46391751852e-72	62	62
979	0.47435508283011435	-28	2.3156748179e-26	62	62
980	0.4724576624987939	-34	5.57673123368e-32	62	62
981	0.4705678318487987	-24	7.079801139e-23	62	62
982	0.46868556052140353	-114	2.31771628462e-106	62	62
983	0.4668108182793179	-36	3.21831459432e-34	62	62
984	0.46494357500620065	-32	1.28659206877e-30	62	62
985	0.46308380070617583	-76	5.30666107802e-72	62	62
986	0.46123146550335115	-28	4.31782179921e-27	62	62
987	0.4593865396413377	-24	2.04596907923e-23	62	62
988	0.45754899348277234	-70	3.61148948194e-67	62	62
989	0.45571879750884126	-32	3.19439383252e-31	62	62
990	0.45389592231880593	-36	3.58637450535e-35	62	62
991	0.4520803386295307	-36	2.60808008103e-35	62	62
992	0.45027201727501254	-28	9.85274330534e-28	62	62
993	0.44847092920591247	-24	5.73660636041e-24	62	62
994	0.4466770454890889	-68	7.67472624914e-67	62	62
995	0.44489033730713257	-24	3.72908880873e-24	62	62
996	0.443110775957904	-4	0.000120111741236	62	62
997	0.4413383328540724	-30	3.01166177309e-30	62	62
998	0.43957297952265606	-34	2.5602368447e-34	62	62
999	0.43781468760456543	-28	1.67931138048e-28	62	62
