198 204 186 198 198
210 218 178 200 198
234 208 188 220 198
148 208 188 232 212
148 198 98 140 212
128 198 98 136 216
128 198 112 136 216
128 198 112 132 164
128 212 112 132 172
128 168 112 132 174
128 88 112 136 186
128 88 112 126 186
128 88 112 82 186
120 94 112 82 186
88 80 110 82 186
86 80 110 82 186
86 80 110 82 122
86 82 110 82 122
86 82 96 82 102
86 82 96 78 96
86 82 96 78 90
84 82 96 78 90
84 72 96 78 94
84 72 72 78 94
84 72 72 78 94
80 72 72 68 94
80 72 72 68 94
80 72 72 68 90
80 72 72 68 90
80 72 72 68 90
80 72 72 68 90
80 72 72 68 90
80 72 72 68 90
80 72 72 68 90
80 72 72 68 84
80 72 72 68 78
80 72 72 68 78
80 72 72 68 78
80 72 72 68 78
80 72 72 68 78
80 72 72 68 78
80 72 72 68 78
78 72 72 68 78
78 72 72 68 78
78 72 72 68 78
78 72 72 68 78
78 72 72 68 78
78 72 72 68 78
78 72 72 68 78
78 72 72 68 78
78 72 72 68 78
78 72 72 68 78
78 72 72 68 78
78 72 72 68 76
78 72 72 68 76
78 72 72 68 76
78 72 72 68 76
78 72 72 68 76
78 72 72 68 76
78 72 72 68 76
78 72 72 68 76
74 72 72 68 72
74 72 72 68 72
74 72 72 68 72
74 72 72 68 72
74 72 72 68 72
74 72 72 68 72
74 72 72 68 72
74 72 72 68 72
74 72 72 68 72
74 72 72 68 72
74 72 72 68 72
74 72 72 68 72
74 72 72 68 72
74 72 72 68 72
