198 198 198 188 198
202 180 198 196 234
202 172 202 188 154
218 172 202 188 132
218 172 202 142 124
222 172 150 142 124
222 172 88 142 124
216 172 88 142 94
216 172 88 142 94
206 172 94 142 94
206 172 94 142 94
206 172 80 142 88
206 172 80 142 88
172 172 80 142 88
172 172 80 114 88
172 172 80 114 88
168 172 80 116 88
168 172 80 116 88
168 172 80 116 88
168 172 80 82 88
160 172 80 82 88
152 172 80 82 88
152 172 80 82 88
152 172 80 82 88
104 172 80 82 88
104 172 80 82 88
104 172 80 82 80
94 172 80 82 80
94 172 80 82 80
94 172 80 82 80
94 172 74 82 80
94 172 74 82 80
94 172 74 82 80
94 172 74 82 80
94 172 74 82 80
94 172 74 82 80
